snap(0,0,0)

sky(0,0,0)
fog(0,0,0)
ground(0,0,0)


fadefrom(13865)

name(The Beach Arcade Nightmare)

nlaps(3)

set(10,0,0,250,0)p
chk(40,0,1100,250,90)
chk(40,0,2300,250,90)
chk(40,0,3500,250,90)
chk(40,0,4700,250,90)
chk(40,0,5900,250,90)
set(10,0,5600,250,0)p
set(22,0,8960,250,180)p
set(18,0,12320,250,0)p
set(18,0,17920,250,0)p
set(36,-1810,19000,250,90)ph
set(36,1810,19000,250,-90)
set(18,0,23520,250,0)p
set(22,0,26880,250,0)p
set(10,0,30240,250,0)p
chk(40,0,33040,250,0)
set(14,0,34790,250,0)
set(10,4550,34790,250,90)p
set(10,10150,34790,250,90)p
set(10,15750,34790,250,90)p
set(10,21350,34790,250,90)p
set(10,26950,34790,250,90)p
set(23,29750,34790,250,90)
set(26,29750,34790,250,-90)pr

set(23,35490,34790,250,-90)
set(26,35490,34790,250,90)pr
set(10,38290,34790,250,-90)p
set(14,42840,34790,250,-90)pt
set(22,42840,32480,250,0)p
set(18,42840,29120,250,0)p
set(19,42840,24570,250,180)pt
set(22,40530,24570,250,90)p
chk(40,39970,24570,250,90)
set(10,37170,24570,250,90)p
set(14,32620,24570,250,90)pt
set(10,32620,29120,250,180)p
set(23,32620,31920,250,180)
set(26,32620,31920,250,0)pr

set(23,32620,37660,250,0)
set(26,32620,37660,250,180)pr
set(10,32620,40460,250,0)p


set(10,32620,46060,250,0)p
set(14,32620,50610,250,-90)pt
set(10,28070,50610,250,-90)
chk(40,28070,50610,250,90)
set(14,23520,50610,250,0)pt
set(10,23520,46060,250,0)p
set(31,23520,39951,250,180)pr
set(23,23520,38271,250,0)

fix(41,23520,2000,-1500,0)s

set(23,23520,31309,250,180)p
set(31,23520,29629,250,0)p
set(10,23520,23520,250,180)p
set(10,23520,17920,250,180)p
set(37,23520,18000,250,0)
set(37,22520,19000,250,0)
set(37,23520,19000,250,0)
set(37,24520,19000,250,0)
maxr(4,26020,13500)
maxl(4,21020,13500)
chk(22,23520,14560,250,0)
set(48,25520,16000,250,-90)
set(48,21520,15100,250,-90)
set(48,25520,14200,250,-90)
set(48,21520,13300,250,-90)
set(18,23520,11200,250,0)p
set(22,23520,8290,250,180)
.maxr(3,24320,-7000)
.maxl(3,22720,-7000)
.maxb(1,7400,20420)
.maxb(1,7400,26620)
.maxb(1,2400,20420)
.maxb(1,2400,26620)
.maxb(1,-3400,20420)
.maxb(1,-3400,26620)
.maxt(1,-8400,20420)
.maxt(1,-8400,26620)

chk(40,23520,7720,250,0)
set(13,25030,4890,250,30)p
chk(40,26560,2060,250,0)
set(12,25030,-800,250,-30)p
chk(40,23520,-3640,250,0)
set(13,25030,-6484,250,30)

.chk(40,23520,5500,0)
.set(11,23520,4600,0)p
.chk(40,23520,2500,0)
.chk(40,23520,-500,0)
.set(11,23520,-1000,0)p
.chk(40,23520,-3500,0)
.chk(40,23520,-6500,0)
.set(11,23520,-6600,0)p
set(22,26540,-9880,250,0)
chk(40,26520,-9320,250,0)
set(22,26540,-10080,250,0)
set(19,26540,-12390,250,180)pt
set(18,21990,-12390,250,90)p
set(18,18970,-12390,250,90)p
set(26,17970,-12390,250,90)ph
set(18,13370,-12390,250,90)p

maxt(2,-9690,5000)
maxb(2,-15090,5000)

set(48,10000,-14390,250,360)
set(48,9100,-10390,250,360)
set(48,8200,-14390,250,360)
set(48,7300,-10390,250,360)

set(18,7770,-12390,250,90)p
set(18,2170,-12390,250,90)

set(18,-3430,-12390,250,90)
set(18,-5490,-12390,250,90)
chk(40,-7240,-12390,250,90)
set(19,-10040,-12390,250,90)pt

set(21,-10040,-7840,250,180)p
set(15,-10040,-2240,250,0)
set(15,-10040,60,250,0)p
set(15,-10040,5660,250,0)p
set(15,-10040,11260,250,0)p
set(15,-10040,16860,250,0)p
set(15,-10040,22460,250,0)p
set(15,-10040,28060,250,0)p
set(15,-10040,33660,250,0)p
set(21,-10040,39260,250,0)p
set(14,-10040,43810,250,0)pt
chk(40,-8290,43810,250,90)
set(37,-8290,43810,250,0)
set(37,-8290,43810,250,90)
set(38,-8290,43810,250,0)
set(38,-8290,43810,250,90)
set(14,-6540,43810,250,-90)pt
set(21,-6540,39260,250,0)p
set(15,-6540,33660,250,0)p
set(16,-6540,28060,250,0)p
set(15,-6540,22460,250,0)p
set(15,-6540,16860,250,180)p
set(16,-6540,11260,250,180)p
set(20,-6540,5660,250,180)p
set(13,-5020,30,250,30)p
set(14,-3500,-4550,250,90)pt
chk(40,-1750,-4550,250,90)
set(14,0,-4550,250,180)pt


set(33,-10040,60,250,0)
set(33,-10040,5660,250,0)
set(33,-10040,11260,250,0)
set(33,-10040,16860,250,0)
set(33,-10040,22460,250,0)
set(33,-10040,28060,250,0)
set(33,-10040,33660,250,0)

set(35,-6940,16860,250,180)

fix(29,23520,26520,-3000,0)

.maxr(2,45000,32000)

.maxb(1,7400,20420)
.maxb(1,7400,26620)
.maxb(1,2400,20420)
.maxb(1,2400,26620)
.maxb(1,-3400,20420)
.maxb(1,-3400,26620)
.maxt(1,-8400,20420)
.maxt(1,-8400,26620)

set(32,0,600,250,180)
