
snap(40,40,40) 

sky(255,255,125)
fog(255,255,60)
ground(248,150,52)
polys(244,126,9)

fadefrom(7000)
density(6)

name(All The Way To Glory)
nlaps(2)


set(47,0,0,250,0)p
set(23,0,2800,250,180)p
set(32,0,2800,250,0)
set(32,400,3800,250,0)
set(32,-400,3800,250,0)

set(23,0,19600,250,0)p
set(31,0,22909,250,0)pr
set(31,0,27491,250,180)p
set(23,0,30800,250,180)p

set(23,0,47600,250,0)p
set(10,0,50400,250,0)p
chk(40,0,53200,250,0)
set(14,0,54950,250,-90)pt
set(10,-3810,54950,250,-90)p
set(10,-9310,54950,250,-90)p
set(36,-10925,53390,250,180)
set(36,-8975,53390,250,180)
set(36,-12875,53390,250,180)
set(36,-14825,53390,250,180)
set(32,-7310,54500,250,90)pr
set(32,-7310,54950,250,90)pr
set(32,-7310,55400,250,90)pr
set(10,-14910,54950,250,-90)p
set(10,-20510,54950,250,-90)p
set(29,-20714,54950,250,90)pr
set(23,-22878,54950,250,-90)


set(23,-46550,54950,250,90)p
chk(40,-46550,54950,250,90)
set(14,-48300,54950,250,0)pt
set(10,-48300,50650,250,0)
set(37,-48300,50650,250,0)
set(14,-48300,46150,250,90)pt
set(12,-37800,44620,250,-120)
set(10,-32400,43160,250,90)
set(10,-26800,43160,250,90)
set(23,-24800,43160,250,90)
set(28,-28600,43160,250,90)po
fix(41,-25200,43160,-1200,90)s


set(10,-44300,46150,250,90)
set(31,-32900,46150,250,-90)
set(10,-38700,46150,250,90)
set(10,-33100,46150,250,90)p
set(10,-27500,46150,250,90)
set(10,-24600,46150,250,90)p
set(23,-22600,46150,250,90)

set(23,-19800,43160,250,-90)
set(13,-17100,44620,250,120)p

set(37,-15950,45200,250,-50)


set(30,-12500,46150,250,90)
set(30,-12500,44470,250,90)
set(30,-12500,47830,250,90)
set(14,-7700,46150,250,-90)pt
set(23,-10550,44470,250,90)
set(23,-10550,47830,250,90)

set(10,-7700,42370,250,0)p
chk(40,-7700,44240,250,0)
set(10,-7700,36770,250,0)p
set(10,-7700,31170,250,0)p
set(10,-7700,25570,250,0)p
set(37,-7700,34650,250,0)
chk(40,-7700,30850,250,0)
set(28,-7700,25450,250,0)
set(10,-7700,19970,250,0)p
set(23,-10000,15500,250,-90)
set(37,-10800,15500,250,0)
set(37,-10250,15500,250,0)
set(23,-11000,15500,250,90)

set(10,-7700,14370,250,0)p
set(14,-7700,10070,250,180)pt

set(10,-11700,10070,250,90)p
set(36,-10000,8120,250,180)
set(36,-11950,8120,250,180)
set(36,-13900,8120,250,180)
fix(41,-15900,8450,-700,90)p
set(10,-17300,10070,250,90)p
chk(40,-18700,10070,250,90)

set(14,-21300,10070,250,90)pt
set(10,-21300,14070,250,0)p
set(27,-21300,16100,250,0)pr
set(23,-21300,15820,250,180)

set(23,-23300,24360,250,-90)
set(10,-21300,24360,250,90)
set(37,-20100,24360,250,0)
set(37,-20650,24360,250,0)
set(37,-21200,24360,250,0)
set(37,-21750,24360,250,0)
set(37,-22300,24360,250,0)
set(37,-22850,24360,250,0)
set(37,-23400,24360,250,0)
set(37,-19000,24360,250,0)
set(37,-19550,24360,250,0)
set(23,-19300,24360,250,90)

set(23,-21300,32800,250,0)

set(14,-21300,34550,250,-90)pt
set(10,-25100,34550,250,90)
set(10,-30700,34550,250,90)p
set(10,-33200,34550,250,90)
set(23,-35200,34550,250,-90)
set(27,-35600,34550,250,90)pr

set(24,-45500,34550,250,-90)
set(15,-48100,34550,250,90)
set(15,-50500,34550,250,90)
chk(42,-52050,34550,250,90)
set(17,-55020,34550,250,0)pt
set(15,-55020,30000,250,180)

set(15,-55020,24400,250,180)p
set(34,-55020,21230,250,0)pr
set(16,-55020,18800,250,0)
set(24,-55020,16200,250,180)

set(24,-55020,2900,250,0)
set(15,-55020,300,250,0)
set(15,-55020,-4900,250,0)

set(17,-55020,-9400,250,90)pt
set(15,-50630,-9400,250,90)
set(16,-45030,-9400,250,90)
set(17,-40600,-9400,250,180)pt

set(15,-40600,-5000,250,0)
set(15,-40600,400,250,0)p
set(15,-40600,6000,250,0)
set(15,-40600,11600,250,0)
set(20,-40600,17200,250,0)
chk(42,-43800,-9400,250,90)
set(33,-40600,-4300,250,0)pr
set(33,-40600,2400,250,0)pr

set(10,-40600,22800,250,0)p
set(14,-40600,31040,250,90)pt
set(10,-40600,28400,250,0)p
set(10,-40600,34000,250,0)
set(22,-40600,36600,250,0)p
set(22,-40600,37600,250,0)
set(22,-40600,38600,250,0)p
chk(40,-40600,39100,250,0)p
fix(41,-40600,39100,-1400,0)s
set(36,-40600,39600,250,0)pr

set(10,-36600,31040,250,90)p
set(10,-32000,31040,250,90)
set(14,-28000,31040,250,-90)pt
chk(40,-30000,31040,250,90)
set(10,-28000,27040,250,0)p
set(10,-28000,21440,250,0)
set(30,-28000,17390,250,180)pr


set(12,-29520,11790,250,150)
set(12,-32560,6190,250,150)
chk(40,-34080,3390,250,0)
set(10,-34080,590,250,180)p
set(10,-34080,-5010,250,180)p
chk(40,-34080,-7950,250,0)
set(14,-34080,-9560,250,90)pt

set(32,-30200,-9560,250,-90)pr
set(32,-30200,-10010,250,-90)pr
set(32,-30200,-9110,250,-90)pr
set(10,-29530,-9560,250,90)p
set(10,-23930,-9560,250,90)p
set(10,-18330,-9560,250,90)
set(10,-12730,-9530,250,90)p
set(30,-12500,-9560,250,-90)pr
set(10,-7130,-9560,250,-90)p
set(10,-1530,-9560,250,-90)p
set(10,4070,-9560,250,-90)p
chk(40,5000,-9560,250,-90)

set(13,-9850,-11080,250,-240)

maxt(2,-8560,0)
maxb(2,-10560,0)

set(10,-15450,-12600,250,90)p
set(10,-21050,-12600,250,90)
set(10,-26650,-12600,250,90)p

set(37,-17850,-11300,250,0)
set(37,-17850,-13900,250,0)
set(32,-18850,-12600,250,90)
set(32,-18850,-12300,250,90)
set(32,-18850,-12900,250,90)
set(32,-22850,-12600,250,90)
set(32,-22850,-12300,250,90)
set(32,-22850,-12900,250,90)
set(32,-26850,-12600,250,90)
set(32,-26850,-12300,250,90)
set(32,-26850,-12900,250,90)
set(37,-21850,-11300,250,0)
set(37,-21850,-13900,250,0)
set(37,-25850,-11300,250,0)
set(37,-25850,-13900,250,0)

set(10,-32250,-12600,250,90)p
set(10,-37850,-12600,250,90)p
chk(40,-38400,-12600,250,90)
set(14,-42400,-12600,250,0)pt
set(14,-42400,-15400,250,180)pt
set(14,-45200,-15400,250,90)pt
chk(40,-43800,-15400,250,90)
set(26,-45200,-13400,250,0)pr
set(23,-45200,-14200,250,180)

set(23,-45200,-2000,250,0)
set(10,-45200,800,250,0)p
set(10,-45200,6400,250,0)p
set(10,-45200,12000,250,0)p
set(38,-45200,500,250,0)
set(38,-45200,2500,250,0)
set(38,-45200,4500,250,0)
set(38,-45200,6500,250,0)
set(38,-45200,8500,250,0)
set(38,-45200,10500,250,0)
set(38,-45200,12500,250,0)
set(38,-45200,14500,250,0)
set(38,-45200,16500,250,0)
set(38,-45200,18500,250,0)
set(10,-45200,17600,250,0)p
set(14,-45200,22150,250,0)pt
set(14,-40600,22150,250,-180)pt
set(22,-42900,22150,250,90)

chk(40,-40600,39100,250,0)p
chk(40,-30000,31040,250,90)


set(23,-28000,14290,250,180)
set(10,-28000,12000,250,0)
set(10,-28000,6400,250,0)p
set(10,-28000,800,250,0)p
chk(40,-28000,-1800,250,0)
set(14,-28000,-3400,250,90)pt
set(10,-23800,-3400,250,90)p

set(34,-17020,-3450,250,-90)
chk(40,-20500,-3400,250,-90)
set(14,-19300,-3400,250,-90)
set(14,-19300,-6400,250,90)

set(10,-15000,-6400,250,90)p
set(30,-12500,-6400,250,-90)pr
set(10,-9600,-6400,250,90)p
set(10,-7400,-6400,250,90)p
set(10,-4300,-6400,250,90)
set(14,0,-6400,250,180)pt
set(22,0,-4400,250,0)p
set(22,0,-3400,250,0)p
set(22,0,-2800,250,0)p

set(15,-13020,-3450,250,90)
set(24,-10800,-3450,250,-90)

set(-6,-15020,-1900,250,-225)
set(-5,-14520,-1900,250,-225)
set(-4,-14020,-1900,250,-225)
set(-3,-13520,-1900,250,-225)
set(-2,-13020,-1900,250,-225)
set(-1,-12520,-1900,250,-225)
set(0,-12020,-1900,250,-225)
set(1,-11520,-1900,250,-225)
set(2,-11020,-1900,250,-225)
set(3,-14400,-1450,250,-225)
set(4,-13900,-1450,250,-225)
set(5,-13400,-1450,250,-225)
set(6,-12900,-1450,250,-225)
set(7,-12400,-1450,250,-225)
set(8,-11900,-1450,250,-225)
set(9,-11400,-1450,250,-225)

// walls:

set(39,-17020,-2650,250,0)
maxl(1,-17020,-2650)
maxl(1,-17020,-1650)
set(39,-14950,-4850,250,90)
set(39,-12950,-4850,250,90)
set(39,-11500,-4850,250,90)
set(39,-9300,-2550,250,0)
maxr(1,-9300,-2150)
set(39,-9300,-2150,250,0)
set(39,-14950,-700,250,90)
set(39,-12950,-700,250,90)
set(39,-11500,-700,250,90)


maxr(17,5000,-16700)
maxt(13,62500,-55000)
maxl(17,-57400,-16700)
maxb(13,-19100,-55000)

//
//